Feature:	Shape	Clf	F	AAC	Sn	Sp	Recall	F1	MCC	Kappa	APR	ROC	AUROC	TN	FP	FN	TP	
layer-1-PriCFS.csv	256	KNN	1	88.384	87.542	89.226	0.8754	0.8829	0.7678	0.7677	0.9222	0.9353	265	32	37	260	
layer-1-PriCFS.csv	256	RFC	1	85.69	84.175	87.205	0.8418	0.8547	0.7141	0.7138	0.9029	0.9223	259	38	47	250	
layer-1-PriCFS.csv	256	SVM(r)	1	50.0	0.0	100.0	0.0	0.0	0.0	0.0	0.5	0.5	297	0	297	0	
layer-1-PriCFS.csv	256	SVM(p)	1	87.037	90.236	83.838	0.9024	0.8744	0.7423	0.7407	0.9517	0.9553	249	48	29	268	
layer-1-PriCFS.csv	256	SVM(l)Pro1	87.71	92.593	82.828	0.9259	0.8828	0.7578	0.7542	0.9552	0.9548	246	51	22	275	
#	#	#	#		79.764	70.909	88.619	0.7091	0.699	0.5964	0.5953	0.8464	0.8535	0.8535	1316	169	432	432	
layer-1-PriCFS.csv	256	KNN	2	87.542	89.226	85.859	0.8923	0.8775	0.7513	0.7508	0.9207	0.9372	255	42	32	265	
layer-1-PriCFS.csv	256	RFC	2	86.027	85.859	86.195	0.8586	0.86	0.7205	0.7205	0.9118	0.9254	256	41	42	255	
layer-1-PriCFS.csv	256	SVM(r)	2	50.0	0.0	100.0	0.0	0.0	0.0	0.0	0.5	0.5	297	0	297	0	
layer-1-PriCFS.csv	256	SVM(p)	2	86.027	91.582	80.471	0.9158	0.8676	0.725	0.7205	0.9518	0.9496	239	58	25	272	
layer-1-PriCFS.csv	256	SVM(l)Pro2	86.027	90.572	81.481	0.9057	0.8663	0.7235	0.7205	0.9457	0.947	242	55	28	269	
#	#	#	#		79.125	71.448	86.801	0.7145	0.6943	0.5841	0.5825	0.846	0.8518	0.8518	1289	196	424	424	
layer-1-PriCFS.csv	256	KNN	3	78.788	74.074	83.502	0.7407	0.7774	0.5783	0.5758	0.8436	0.8588	248	49	77	220	
layer-1-PriCFS.csv	256	RFC	3	77.778	74.747	80.808	0.7475	0.7708	0.5566	0.5556	0.8593	0.8581	240	57	75	222	
layer-1-PriCFS.csv	256	SVM(r)	3	50.0	0.0	100.0	0.0	0.0	0.0	0.0	0.5	0.5	297	0	297	0	
layer-1-PriCFS.csv	256	SVM(p)	3	79.966	79.125	80.808	0.7912	0.798	0.5994	0.5993	0.8982	0.8869	240	57	62	235	
layer-1-PriCFS.csv	256	SVM(l)Pro3	78.283	76.094	80.471	0.7609	0.778	0.5662	0.5657	0.8947	0.8865	239	58	71	226	
#	#	#	#		72.963	60.808	85.118	0.6081	0.6248	0.4601	0.4593	0.7992	0.7981	0.7981	1264	221	582	582	
layer-1-PriCFS.csv	256	KNN	4	72.222	53.535	90.909	0.5354	0.6584	0.4792	0.4444	0.7819	0.7927	270	27	138	159	
layer-1-PriCFS.csv	256	RFC	4	71.044	54.882	87.205	0.5488	0.6546	0.4447	0.4209	0.7967	0.8005	259	38	134	163	
layer-1-PriCFS.csv	256	SVM(r)	4	50.0	0.0	100.0	0.0	0.0	0.0	0.0	0.5	0.5	297	0	297	0	
layer-1-PriCFS.csv	256	SVM(p)	4	74.074	61.953	86.195	0.6195	0.705	0.4963	0.4815	0.8277	0.8254	256	41	113	184	
layer-1-PriCFS.csv	256	SVM(l)Pro4	72.391	61.953	82.828	0.6195	0.6917	0.4579	0.4478	0.8187	0.8092	246	51	113	184	
#	#	#	#		67.946	46.465	89.427	0.4646	0.5419	0.3756	0.3589	0.745	0.7456	0.7456	1328	157	795	795	
layer-1-PriCFS.csv	256	KNN	5	78.378	64.865	91.892	0.6486	0.75	0.5895	0.5676	0.8241	0.8369	272	24	104	192	
layer-1-PriCFS.csv	256	RFC	5	74.493	63.176	85.811	0.6318	0.7124	0.5029	0.4899	0.8238	0.8407	254	42	109	187	
layer-1-PriCFS.csv	256	SVM(r)	5	50.0	0.0	100.0	0.0	0.0	0.0	0.0	0.5	0.5	296	0	296	0	
layer-1-PriCFS.csv	256	SVM(p)	5	77.703	70.27	85.135	0.7027	0.7591	0.5603	0.5541	0.8706	0.8592	252	44	88	208	
layer-1-PriCFS.csv	256	SVM(l)Pro5	77.872	72.973	82.77	0.7297	0.7673	0.5601	0.5574	0.8465	0.8459	245	51	80	216	
#	#	#	#		71.689	54.257	89.122	0.5426	0.5978	0.4426	0.4338	0.773	0.7765	0.7765	1319	161	677	677	


#	#	#	#	80.457	78.837	82.076	0.7883	0.7972	0.6131	0.6091	0.8922	0.8887	0.8887	
