Feature:	Shape	Clf	F	AAC	Sn	Sp	Recall	F1	MCC	Kappa	APR	ROC	AUROC	TN	FP	FN	TP	
layer-2-PriCFS.csv	279	KNN	1	67.114	61.074	73.154	0.6107	0.65	0.3448	0.3423	0.6682	0.702	109	40	58	91	
layer-2-PriCFS.csv	279	RFC	1	61.074	53.02	69.128	0.5302	0.5766	0.2244	0.2215	0.6399	0.6776	103	46	70	79	
layer-2-PriCFS.csv	279	SVM(r)	1	50.0	0.0	100.0	0.0	0.0	0.0	0.0	0.5	0.5	149	0	149	0	
layer-2-PriCFS.csv	279	SVM(p)	1	66.779	64.43	69.128	0.6443	0.6598	0.3359	0.3356	0.7297	0.7335	103	46	53	96	
layer-2-PriCFS.csv	279	SVM(l)Pro1	63.758	61.745	65.772	0.6174	0.6301	0.2754	0.2752	0.6949	0.6895	98	51	57	92	
#	#	#	#		61.745	48.054	75.436	0.4805	0.5033	0.2361	0.2349	0.6465	0.6605	0.6605	562	183	387	387	
layer-2-PriCFS.csv	279	KNN	2	65.436	55.705	75.168	0.557	0.6171	0.3147	0.3087	0.6515	0.7056	112	37	66	83	
layer-2-PriCFS.csv	279	RFC	2	61.074	49.664	72.483	0.4966	0.5606	0.2275	0.2215	0.629	0.6796	108	41	75	74	
layer-2-PriCFS.csv	279	SVM(r)	2	50.0	0.0	100.0	0.0	0.0	0.0	0.0	0.5	0.5	149	0	149	0	
layer-2-PriCFS.csv	279	SVM(p)	2	70.47	68.456	72.483	0.6846	0.6986	0.4097	0.4094	0.7202	0.7578	108	41	47	102	
layer-2-PriCFS.csv	279	SVM(l)Pro2	67.45	63.758	71.141	0.6376	0.662	0.3499	0.349	0.6806	0.7022	106	43	54	95	
#	#	#	#		62.886	47.517	78.255	0.4752	0.5077	0.2604	0.2577	0.6363	0.669	0.669	583	162	391	391	
layer-2-PriCFS.csv	279	KNN	3	67.905	56.081	79.73	0.5608	0.636	0.3686	0.3581	0.7083	0.7354	118	30	65	83	
layer-2-PriCFS.csv	279	RFC	3	62.838	56.757	68.919	0.5676	0.6043	0.2587	0.2568	0.618	0.6671	102	46	64	84	
layer-2-PriCFS.csv	279	SVM(r)	3	50.0	0.0	100.0	0.0	0.0	0.0	0.0	0.5	0.5	148	0	148	0	
layer-2-PriCFS.csv	279	SVM(p)	3	72.635	70.946	74.324	0.7095	0.7216	0.453	0.4527	0.7808	0.779	110	38	43	105	
layer-2-PriCFS.csv	279	SVM(l)Pro3	67.23	64.865	69.595	0.6486	0.6644	0.345	0.3446	0.7439	0.7468	103	45	52	96	
#	#	#	#		64.122	49.73	78.514	0.4973	0.5253	0.2851	0.2824	0.6702	0.6857	0.6857	581	159	372	372	
layer-2-PriCFS.csv	279	KNN	4	64.865	58.108	71.622	0.5811	0.6232	0.3	0.2973	0.6511	0.6798	106	42	62	86	
layer-2-PriCFS.csv	279	RFC	4	62.5	56.757	68.243	0.5676	0.6022	0.2517	0.25	0.6556	0.6957	101	47	64	84	
layer-2-PriCFS.csv	279	SVM(r)	4	50.0	0.0	100.0	0.0	0.0	0.0	0.0	0.5	0.5	148	0	148	0	
layer-2-PriCFS.csv	279	SVM(p)	4	65.541	66.216	64.865	0.6622	0.6577	0.3108	0.3108	0.7146	0.7258	96	52	50	98	
layer-2-PriCFS.csv	279	SVM(l)Pro4	68.581	68.919	68.243	0.6892	0.6869	0.3716	0.3716	0.6973	0.7301	101	47	46	102	
#	#	#	#		62.297	50.0	74.595	0.5	0.514	0.2468	0.2459	0.6437	0.6663	0.6663	552	188	370	370	
layer-2-PriCFS.csv	279	KNN	5	68.243	62.162	74.324	0.6216	0.6619	0.3676	0.3649	0.663	0.6991	110	38	56	92	
layer-2-PriCFS.csv	279	RFC	5	61.486	58.108	64.865	0.5811	0.6014	0.2303	0.2297	0.616	0.662	96	52	62	86	
layer-2-PriCFS.csv	279	SVM(r)	5	50.0	0.0	100.0	0.0	0.0	0.0	0.0	0.5	0.5	148	0	148	0	
layer-2-PriCFS.csv	279	SVM(p)	5	65.878	64.189	67.568	0.6419	0.6529	0.3177	0.3176	0.7271	0.7335	100	48	53	95	
layer-2-PriCFS.csv	279	SVM(l)Pro5	63.514	61.486	65.541	0.6149	0.6276	0.2705	0.2703	0.6946	0.692	97	51	57	91	
#	#	#	#		61.824	49.189	74.46	0.4919	0.5088	0.2372	0.2365	0.6401	0.6573	0.6573	551	189	376	376	
#	#	#	#		66.107	64.155	68.058	0.6415	0.6542	0.3225	0.3221	0.7023	0.7121	0.7121	
